##### Output configurations ######
# Device:  Alto-falantes Realtek(R) Audio {7e685675-ce52-4112-be30-dc6346ef4ae8}; Alto-falantes USB Audio Device {84f35955-fcb7-4d3c-8b2c-cd8de1223c7e}
Include: Filtro_Espacial.txt
# Include: flat.txt
# Include: Equilibrated.txt
Include: Bass.txt

# Include: config_old.txt
# Preamp: -8.5 dB
# GraphicEQ: 20 13.2; 21 13.4; 22 13.5; 23 13.7; 24 13.9; 26 14.1; 27 14.2; 29 14.3; 30 14.4; 32 14.6; 34 14.7; 36 14.9; 38 15.1; 40 15.3; 43 15.6; 45 15.7; 48 15.9; 50 16; 53 16; 56 15.9; 59 15.7; 63 15.3; 66 14.8; 70 14.1; 74 13.3; 78 12.4; 83 11.3; 87 10.4; 92 9.3; 97 8.4; 103 7.3; 109 6.2; 115 5.2; 121 4.3; 128 3.4; 136 2.5; 143 1.8; 151 1.2; 160 0.6; 169 0.3; 178 0.3; 188 0.4; 199 0.7; 210 1.1; 222 1.5; 235 1.9; 248 2.2; 262 2.5; 277 2.9; 292 3.2; 309 3.5; 326 3.7; 345 3.9; 364 4.1; 385 4.3; 406 4.4; 429 4.5; 453 4.6; 479 4.7; 506 4.7; 534 4.8; 565 4.8; 596 4.7; 630 4.7; 665 4.6; 703 4.4; 743 4.2; 784 4.1; 829 4.2; 875 4.7; 924 5.4; 977 6; 1032 6.4; 1090 6.6; 1151 6.8; 1216 6.8; 1284 6.7; 1357 6.5; 1433 6.3; 1514 6; 1599 5.8; 1689 5.5; 1784 5.2; 1885 4.9; 1991 4.7; 2103 4.5; 2221 4.2; 2347 4; 2479 3.6; 2618 3.2; 2766 2.6; 2921 1.9; 3086 1.2; 3260 0.7; 3443 0.3; 3637 0.2; 3842 0.2; 4058 0.4; 4287 0.8; 4528 1.5; 4783 2.2; 5052 3; 5337 3.6; 5637 4.2; 5955 4.6; 6290 5.1; 6644 5.9; 7018 7.1; 7414 7.9; 7831 8.1; 8272 7.9; 8738 7.8; 9230 8.1; 9749 9; 10298 9.9; 10878 10.3; 11490 10.7; 12137 11.1; 12821 11.5; 13543 11.9; 14305 12.2; 15110 12.6; 15961 12.9; 16860 13.3; 17809 13.6; 18812 13.9; 19871 14.2
# GraphicEQ: 20 -5.9; 21 -6; 22 -6.1; 23 -6.2; 24 -6.3; 26 -6.4; 27 -6.4; 29 -6.5; 30 -6.6; 32 -6.7; 34 -6.8; 36 -6.8; 38 -6.9; 40 -7; 43 -7.1; 45 -7.2; 48 -7.4; 50 -7.5; 53 -7.6; 56 -7.8; 59 -7.9; 63 -8; 66 -8.2; 70 -8.4; 74 -8.4; 78 -8.5; 83 -8.6; 87 -8.6; 92 -8.6; 97 -8.7; 103 -8.7; 109 -8.8; 115 -8.8; 121 -8.8; 128 -8.8; 136 -8.8; 143 -8.7; 151 -8.7; 160 -8.6; 169 -8.5; 178 -8.4; 188 -8.4; 199 -8.3; 210 -8.2; 222 -8; 235 -7.9; 248 -7.7; 262 -7.4; 277 -7.2; 292 -6.9; 309 -6.6; 326 -6.3; 345 -6; 364 -5.7; 385 -5.3; 406 -5; 429 -4.7; 453 -4.5; 479 -4.1; 506 -3.8; 534 -3.6; 565 -3.3; 596 -3; 630 -2.7; 665 -2.5; 703 -2.2; 743 -2; 784 -1.7; 829 -1.6; 875 -1.5; 924 -1.5; 977 -1.7; 1032 -1.9; 1090 -2.4; 1151 -2.9; 1216 -3.5; 1284 -4; 1357 -4.3; 1433 -4.5; 1514 -4.7; 1599 -4.8; 1689 -5.1; 1784 -5.2; 1885 -5.4; 1991 -5.7; 2103 -6.1; 2221 -6.3; 2347 -6.3; 2479 -5.8; 2618 -4.9; 2766 -3.8; 2921 -2.6; 3086 -1.6; 3260 -0.8; 3443 -0.3; 3637 -0.2; 3842 -0.5; 4058 -1.2; 4287 -2.5; 4528 -4.6; 4783 -6.3; 5052 -7.1; 5337 -6.4; 5637 -4.9; 5955 -3.5; 6290 -2; 6644 -1.5; 7018 -3; 7414 -4; 7831 -4; 8272 -3.6; 8738 -3.5; 9230 -3.8; 9749 -4.3; 10298 -4.9; 10878 -5.5; 11490 -6; 12137 -6.7; 12821 -7.4; 13543 -8.2; 14305 -9.1; 15110 -10.1; 15961 -11.1; 16860 -12.2; 17809 -13.4; 18812 -14.6; 19871 -15.9